R=5.00000 O=31.41593 P=78.53982
R=1.00000 H=9.00000 P=62.83185 V=28.27433
R=1.00000 O=6.28319 P=3.14159
R=5.00000 O=31.41593 P=78.53982
